Comuna;Ene;Feb;Mar;Abr;May;Jun;Jul;Ago;Sep;Oct;Nov;Dic;Total
Algarrobo;86;66;66;49;38;30;34;44;55;72;79;90;706
Alhué;79;67;61;45;38;28;32;43;56;71;75;89;684
Alto Biobío;76;54;53;40;31;26;29;37;54;71;80;77;627
Alto del Carmen;76;55;58;47;37;32;34;43;54;65;64;63;627
Alto Hospicio;91;69;66;58;47;37;47;57;68;73;71;79;762
Ancud;88;75;63;40;25;21;23;34;50;65;80;92;657
Andacollo;82;65;61;44;35;32;34;44;58;60;70;75;661
Angol;81;62;58;40;34;26;28;36;54;63;79;84;645
Antofagasta;82;58;61;50;41;36;37;45;60;65;64;60;660
Antuco;72;57;57;43;32;25;30;37;54;70;78;84;636
Arauco;73;64;60;43;30;26;27;38;51;65;77;87;641
Arica;78;63;62;50;39;34;37;47;55;61;63;69;659
Aysén;86;64;53;33;21;15;19;28;44;62;74;87;585
Buin;82;67;61;50;37;34;33;45;66;79;73;89;716
Bulnes;74;71;57;45;30;29;27;42;51;63;78;93;661
Cabildo;81;64;64;48;40;32;36;47;60;74;72;77;695
Cabo de Hornos;75;58;43;23;12;7;9;19;34;55;71;82;488
Cabrero;74;65;58;44;30;27;28;38;53;63;77;90;648
Calama;78;58;62;48;42;38;37;43;59;60;58;56;639
Calbuco;90;73;66;44;28;20;25;38;53;74;84;96;690
Caldera;79;66;62;50;41;33;35;43;52;64;70;77;672
Calera;84;73;71;52;41;28;37;51;59;79;87;100;762
Calera de Tango;76;65;58;49;42;35;37;47;55;74;79;81;698
Calle Larga;88;64;65;50;41;35;35;46;57;79;74;84;718
Camarones;75;64;66;49;40;35;38;49;54;61;62;70;663
Camiña;75;65;63;46;39;32;36;46;55;58;59;63;636
Canela;80;66;64;49;38;33;34;46;55;69;75;85;695
Cañete;77;66;59;42;33;24;28;40;53;67;74;84;647
Carahue;87;66;58;44;32;22;26;38;55;67;82;88;666
Cartagena;80;69;71;50;37;33;33;41;60;76;81;98;729
Casablanca;85;67;66;48;37;30;34;44;56;74;79;89;707
Castro;85;68;56;38;25;18;20;30;48;66;80;87;621
Catemu;93;74;71;50;40;33;38;53;65;82;80;85;764
Cauquenes;77;68;63;51;34;28;31;45;53;71;80;89;689
Cerrillos;76;65;58;49;42;35;37;47;55;74;79;81;698
Cerro Navia;76;65;58;49;42;35;37;47;55;74;79;81;698
Chaitén;77;62;53;35;23;17;20;30;45;62;73;84;582
Chanco;78;70;65;52;33;25;32;46;57;71;76;91;696
Chañaral;82;66;65;54;42;36;38;45;55;65;70;74;692
Chépica;78;73;61;47;36;27;31;39;62;76;81;87;699
Chiguayante;75;65;59;45;32;26;27;40;55;66;76;82;649
Chile Chico;85;64;55;33;22;16;19;29;44;67;80;90;605
Chillán;75;71;61;45;32;28;27;40;54;68;80;92;673
Chillán Viejo;74;74;58;46;31;28;26;42;53;68;81;93;674
Chimbarongo;85;70;59;52;37;27;30;42;57;76;77;91;703
Cholchol;85;65;60;43;31;25;23;37;50;75;87;92;671
Chonchi;83;66;58;38;26;18;20;32;46;66;78;87;619
Cisnes;84;61;55;35;23;17;19;30;44;63;75;87;592
Cobquecura;74;74;66;51;35;31;31;43;62;66;87;89;707
Cochamó;72;53;49;34;25;19;21;30;46;58;68;73;547
Cochrane;84;65;52;33;21;16;18;29;44;65;80;90;597
Codegua;87;62;63;51;35;28;34;40;61;75;78;81;694
Coelemu;73;66;59;48;30;25;30;40;51;72;76;92;662
Coihueco;72;61;58;43;33;25;28;38;56;68;79;85;647
Coinco;81;66;59;43;37;28;32;41;57;72;73;84;673
Colbún;78;59;59;44;36;27;31;43;57;69;80;87;670
Colchane;80;75;78;58;48;45;46;57;62;73;68;81;769
Colina;86;61;61;51;39;31;34;45;61;74;74;80;697
Collipulli;75;61;57;40;34;26;29;36;51;65;76;79;629
Coltauco;73;66;58;44;39;27;30;42;53;67;74;88;663
Combarbalá;66;49;58;44;36;31;34;44;46;63;61;58;591
Concepción;73;64;58;44;29;23;27;37;58;64;75;79;632
Conchalí;77;65;60;49;41;36;37;48;57;75;79;82;706
Concón;82;73;72;51;41;29;32;43;64;75;89;85;736
Constitución;80;71;66;52;33;27;31;43;58;78;78;88;705
Contulmo;80;65;58;45;31;26;28;40;50;71;81;81;656
Copiapó;80;63;62;49;40;34;36;44;57;65;67;69;664
Coquimbo;89;75;66;51;39;34;36;46;61;70;79;85;733
Coronel;74;64;59;46;32;28;27;41;50;66;77;88;652
Corral;84;68;63;41;31;23;25;38;52;70;78;90;663
Coyhaique;85;67;55;36;23;18;21;31;47;65;78;92;616
Cunco;80;60;57;40;29;24;28;35;52;68;78;83;633
Curacautín;72;55;56;42;29;28;29;38;53;70;76;82;629
Curacaví;87;72;64;48;39;31;35;46;57;78;82;87;727
Curaco de Vélez;86;70;58;37;27;22;20;33;45;63;82;87;630
Curanilahue;84;62;60;42;31;25;27;38;56;68;87;83;661
Curarrehue;78;56;54;39;28;24;28;36;53;67;77;79;621
Curepto;79;74;63;52;34;29;31;41;61;75;79;89;704
Curicó;77;64;59;46;34;28;31;39;56;72;79;86;672
Dalcahue;85;74;59;38;26;20;22;35;49;66;81;91;647
Diego de Almagro;78;57;58;47;42;35;37;44;57;62;62;59;638
Doñihue;84;66;59;43;36;28;33;41;59;75;72;82;678
El Bosque;77;66;61;48;41;36;38;48;58;75;78;83;708
El Carmen;74;67;59;44;34;26;26;38;57;70;80;90;666
El Monte;91;74;65;48;41;30;36;47;58;76;84;93;743
El Quisco;81;69;71;50;37;33;34;41;59;75;85;96;731
El Tabo;80;69;71;50;37;33;33;41;60;76;81;98;729
Empedrado;81;70;67;52;34;25;31;44;55;77;77;86;698
Ercilla;81;67;57;41;32;25;26;37;51;68;82;80;646
Estación Central;76;65;58;49;42;35;37;47;55;74;79;81;698
Florida;73;64;57;43;28;24;28;37;55;61;74;82;626
Freire;87;63;62;43;31;27;26;38;57;68;81;91;673
Freirina;82;72;62;52;39;33;34;48;56;67;74;77;694
Fresia;98;77;71;44;28;23;27;38;57;72;89;89;714
Frutillar;93;80;64;41;27;18;27;40;51;70;82;90;682
Futaleufú;79;62;56;38;24;18;22;32;49;64;77;90;612
Futrono;75;57;53;39;27;22;25;32;48;63;71;77;588
Galvarino;85;65;60;42;31;25;24;36;48;76;87;93;671
General Lagos;82;73;87;64;47;45;46;57;70;75;74;82;801
Gorbea;90;62;61;42;28;25;28;38;57;73;82;89;677
Graneros;84;66;59;43;36;28;33;41;59;75;72;82;678
Guaitecas;83;64;58;40;26;18;22;32;47;69;80;91;629
Hijuelas;84;73;71;52;41;28;37;51;59;79;87;100;762
Hualaihué;78;64;54;37;24;18;21;30;48;64;75;83;595
Hualañé;79;74;62;50;35;28;31;43;61;75;82;93;714
Hualpén;77;66;61;47;35;28;27;42;53;69;77;85;667
Hualqui;73;65;58;42;26;26;28;38;55;63;77;87;637
Huara;78;65;63;51;40;34;38;49;55;61;62;67;662
Huasco;83;66;63;51;39;32;34;46;58;67;75;81;695
Huechuraba;80;66;66;48;40;37;38;49;63;76;77;87;728
Illapel;71;56;58;45;37;31;36;46;53;69;66;69;637
Independencia;79;66;64;48;40;37;38;49;61;76;78;85;720
Iquique;89;69;63;60;46;37;45;58;64;72;70;78;751
Isla de Maipo;84;68;62;50;37;33;33;45;64;78;75;90;720
Isla de Pascua;93;73;71;58;50;38;46;56;61;82;92;92;812
Juan Fernández;99;70;68;45;33;32;34;41;60;76;88;98;744
La Cisterna;79;66;64;48;40;37;38;49;61;76;78;85;721
La Cruz;84;73;71;52;41;28;37;51;59;79;87;100;762
La Estrella;84;72;67;46;39;29;36;43;58;77;82;93;725
La Florida;81;67;68;47;39;38;39;50;65;77;77;88;736
La Granja;81;67;68;47;39;38;39;50;65;77;77;88;736
La Higuera;77;61;57;47;37;30;32;44;52;62;64;70;632
La Ligua;84;71;67;53;40;28;37;47;64;78;81;91;742
La Pintana;81;67;68;47;39;38;39;50;65;77;77;88;736
La Reina;81;67;68;47;39;38;39;50;65;77;77;88;736
La Serena;75;66;56;46;36;30;33;43;56;64;71;75;649
La Unión;80;72;64;44;28;22;25;38;52;71;79;93;668
Lago Ranco;72;54;55;39;26;21;24;32;49;61;70;76;578
Lago Verde;84;62;57;37;24;18;20;33;47;65;79;93;618
Laguna Blanca;94;66;51;30;16;10;12;22;37;63;80;94;577
Laja;74;65;58;43;31;26;27;37;52;65;74;89;642
Lampa;84;68;64;56;42;33;34;48;59;72;74;86;721
Lanco;76;72;61;39;31;21;28;39;54;63;88;87;659
Las Cabras;78;70;62;45;40;28;33;43;54;72;79;92;693
Las Condes;81;67;68;47;39;38;39;50;65;77;77;88;736
Lautaro;86;63;57;45;32;25;28;38;51;67;77;89;656
Lebu;74;66;63;41;30;23;26;36;53;67;72;86;638
Licantén;82;73;66;51;32;27;29;43;61;76;80;96;716
Limache;78;65;68;48;37;31;34;44;57;77;80;83;702
Linares;80;66;60;44;36;27;29;42;57;70;81;93;685
Litueche;85;68;67;46;38;30;36;43;62;76;79;92;722
Llaillay;98;77;73;50;39;33;39;56;68;86;82;85;787
Llanquihue;91;81;63;40;27;17;27;41;51;67;84;92;681
Lo Barnechea;82;61;65;48;39;32;35;46;59;74;76;84;702
Lo Espejo;76;65;58;49;42;35;37;47;55;74;79;81;698
Lo Prado;76;65;58;49;42;35;37;47;55;74;79;81;698
Lolol;79;74;62;49;35;29;32;43;62;75;83;93;715
Loncoche;82;68;62;40;30;23;28;39;55;66;86;88;667
Longaví;76;64;59;44;35;27;28;42;61;72;82;91;682
Lonquimay;73;54;53;41;33;25;29;38;51;69;75;77;617
Los Alamos;77;64;60;41;32;24;27;38;54;66;77;84;645
Los Andes;82;63;66;48;39;32;34;44;53;73;71;83;688
Los Angeles;74;66;58;42;34;27;28;40;56;65;74;90;655
Los Lagos;77;64;56;42;31;22;25;35;50;67;78;88;635
Los Muermos;99;76;68;41;28;22;26;36;53;73;89;92;705
Los Sauces;82;60;56;41;32;26;28;37;52;62;81;83;642
Los Vilos;81;75;64;51;41;31;35;46;62;77;77;87;728
Lota;71;62;58;46;31;28;28;41;45;64;78;91;643
Lumaco;81;66;57;46;30;25;27;40;52;68;83;83;656
Machalí;84;59;65;46;35;27;32;41;56;72;81;85;684
Macul;81;67;68;47;39;38;39;50;65;77;77;88;736
Máfil;79;66;57;38;32;22;25;32;54;66;78;87;637
Maipú;76;65;58;49;42;35;37;47;55;74;79;81;698
Malloa;90;72;65;45;37;30;35;50;61;80;80;90;735
Marchigue;80;72;63;48;37;29;34;43;57;73;81;93;711
María Elena;79;59;61;50;37;31;33;43;58;59;62;57;627
María Pinto;102;84;64;48;42;29;36;48;61;79;88;97;777
Mariquina;86;68;58;42;31;22;28;34;53;64;84;86;658
Maule;78;68;68;44;33;28;29;42;62;73;73;92;690
Maullín;97;75;65;40;27;21;25;35;49;72;87;94;687
Mejillones;81;69;64;56;45;39;41;53;64;69;73;75;728
Melipeuco;76;53;52;42;33;24;28;38;51;67;86;84;634
Melipilla;93;75;67;47;40;29;36;47;58;76;85;94;746
Molina;79;65;59;45;34;27;29;42;58;71;85;89;684
Monte Patria;69;54;57;45;38;31;34;46;53;68;62;62;620
Mostazal;82;67;65;48;38;32;34;44;63;79;76;90;718
Mulchén;74;62;58;41;35;25;29;37;56;72;75;83;646
Nacimiento;77;73;61;44;36;23;27;39;60;71;84;84;679
Nancagua;77;72;57;49;35;25;30;40;61;80;81;85;693
Natales;79;61;49;27;17;11;13;23;39;60;73;86;540
Navidad;86;67;67;47;37;30;36;44;63;73;83;92;723
Negrete;73;65;57;40;36;27;27;38;50;67;66;89;635
Ninhue;76;67;62;49;34;29;29;42;57;65;82;90;682
Nogales;86;73;71;54;41;28;37;51;62;80;86;100;770
Nueva Imperial;83;66;62;46;33;25;27;38;53;68;87;92;682
Ñiquén;77;64;64;44;32;25;30;43;57;68;79;88;671
Ñuñoa;81;67;68;47;39;38;39;50;65;77;77;88;736
O'Higgins;84;64;51;33;20;14;17;27;43;61;77;85;576
Olivar;84;66;59;43;36;28;33;41;59;75;72;82;678
Ollague;78;70;76;57;47;44;44;51;65;70;69;75;746
Olmué;76;63;68;47;36;32;34;45;55;78;78;83;695
Osorno;88;71;61;44;29;23;26;38;55;74;81;87;676
Ovalle;91;73;65;50;39;34;34;48;62;71;77;88;733
Padre Hurtado;76;65;58;49;42;35;37;47;55;74;79;81;698
Padre Las Casas;87;63;61;43;32;26;25;37;58;68;78;90;669
Paihuano;81;59;61;46;39;32;36;44;59;69;66;73;666
Paillaco;80;69;62;44;27;21;25;39;55;71;86;90;669
Paine;82;67;62;49;37;33;33;45;66;79;74;90;718
Palena;86;63;54;35;24;17;21;32;47;65;78;89;612
Palmilla;77;74;61;48;37;28;33;43;59;77;85;92;714
Panguipulli;75;57;57;42;29;23;26;35;50;65;79;84;621
Panquehue;100;78;73;50;39;34;39;57;69;87;81;83;790
Papudo;82;71;68;51;37;32;35;48;59;75;80;90;729
Paredones;81;74;60;52;34;28;31;43;59;73;81;94;711
Parral;77;66;61;44;32;25;29;43;61;73;82;87;679
Pedro Aguirre Cerda;77;65;60;49;41;36;37;48;57;75;79;82;705
Pelarco;81;73;65;48;34;28;27;44;64;74;68;95;701
Pelluhue;77;70;61;52;35;28;31;45;56;70;80;95;702
Pemuco;74;70;57;45;33;27;29;41;55;64;80;92;668
Pencahue;79;71;66;47;35;28;31;41;59;73;78;88;696
Penco;73;64;58;44;28;23;27;37;58;63;75;78;628
Peñaflor;76;65;58;49;42;35;37;47;55;74;79;81;698
Peñalolén;81;67;68;47;39;38;39;50;65;77;77;88;736
Peralillo;78;76;64;46;37;29;33;44;59;78;87;96;727
Perquenco;84;63;58;46;32;25;28;36;49;64;76;94;655
Petorca;70;61;57;47;37;31;35;40;57;67;67;68;637
Peumo;74;68;57;47;38;27;31;42;55;70;77;87;673
Pica;80;68;70;53;44;39;40;49;61;63;63;71;700
Pichidegua;78;73;60;48;37;27;34;43;58;77;83;90;710
Pichilemu;82;70;61;50;36;30;33;42;57;69;77;91;700
Pinto;71;58;56;44;34;26;28;38;56;68;79;82;639
Pirque;81;68;67;46;40;34;36;46;64;79;77;91;729
Pitrufquén;90;62;62;42;29;26;28;38;57;73;81;90;677
Placilla;76;71;55;52;36;26;33;42;59;77;81;84;691
Portezuelo;76;67;63;50;36;28;28;40;61;65;83;92;689
Porvenir;88;68;51;29;15;9;12;20;39;61;80;95;566
Pozo Almonte;83;63;61;52;39;31;34;46;58;59;62;66;655
Primavera;91;68;53;30;16;10;13;23;40;65;85;95;589
Providencia;81;67;68;47;39;38;39;50;65;77;77;88;736
Puchuncaví;82;73;72;51;41;29;33;45;63;76;88;88;739
Pucón;75;57;52;38;29;22;27;33;51;64;72;74;594
Pudahuel;76;65;58;49;42;35;37;47;55;74;79;81;698
Puente Alto;81;67;68;47;39;38;39;50;65;77;77;88;736
Puerto Montt;85;69;59;39;25;19;24;34;47;67;77;90;636
Puerto Octay;82;69;57;40;24;22;24;34;50;67;82;85;636
Puerto Varas;78;57;53;37;25;20;23;32;45;61;74;76;580
Pumanque;79;74;60;50;36;29;32;43;56;70;81;93;703
Punitaqui;81;69;64;48;38;32;33;47;57;67;74;80;689
Punta Arenas;76;58;45;25;13;8;10;18;34;56;71;82;495
Puqueldón;86;68;56;37;26;20;20;32;46;64;81;86;623
Purén;79;64;57;44;31;26;28;40;50;68;81;81;651
Purranque;93;76;68;42;29;21;27;38;52;74;85;89;694
Putaendo;71;57;60;45;36;31;34;44;59;73;70;75;656
Putre;79;67;74;58;48;41;46;56;62;71;67;86;757
Puyehue;76;63;54;39;24;21;23;33;49;63;79;80;604
Queilén;91;61;54;41;26;18;20;32;46;65;78;81;614
Quellón;85;66;60;38;26;19;21;32;45;64;79;90;625
Quemchi;84;76;61;39;25;21;24;36;50;69;88;93;664
Quilaco;75;56;53;41;35;24;28;37;54;71;76;78;627
Quilicura;77;66;59;50;42;35;37;47;56;74;78;82;702
Quilleco;75;68;61;44;34;26;32;39;58;66;76;89;667
Quillón;75;65;58;43;29;30;30;39;46;57;72;94;638
Quillota;84;73;71;52;41;28;36;49;60;78;87;97;756
Quilpué;79;61;65;47;35;31;34;44;53;75;75;80;679
Quinchao;86;70;60;41;27;21;20;32;45;67;78;87;636
Quinta de Tilcoco;83;71;60;48;37;28;34;46;60;77;79;87;709
Quinta Normal;76;65;58;49;42;35;37;47;55;74;79;81;698
Quintero;82;73;72;51;41;29;32;43;64;75;89;85;736
Quirihue;76;66;61;48;33;30;31;45;53;63;80;89;675
Rancagua;84;66;59;43;36;28;33;41;59;75;72;82;678
Ranquil;75;66;61;48;34;28;29;40;56;64;80;92;674
Rauco;78;72;62;48;37;28;32;41;60;73;81;88;701
Recoleta;81;67;68;47;39;38;39;50;65;77;77;88;736
Renaico;75;67;59;39;33;27;26;34;52;64;74;84;633
Renca;76;65;58;49;42;35;37;47;55;74;79;81;698
Rengo;85;65;65;42;37;29;33;49;59;80;79;88;710
Requínoa;82;61;62;43;36;28;32;45;59;77;76;84;685
Retiro;78;68;62;46;34;24;30;43;61;75;83;87;690
Rinconada;99;77;73;50;39;34;39;56;68;86;80;83;786
Río Bueno;78;66;59;43;26;23;24;35;51;67;83;81;637
Río Claro;79;75;65;49;33;26;29;45;62;74;77;92;705
Río Hurtado;77;57;57;46;38;31;33;44;55;65;63;67;633
Río Ibáñez;81;62;54;35;22;17;21;31;45;64;77;92;601
Río Negro;93;75;68;42;29;21;27;38;52;74;85;89;693
Río Verde;79;60;45;25;14;9;11;19;36;57;70;83;507
Romeral;80;60;58;46;35;27;32;39;52;72;77;87;665
Saavedra;87;66;60;46;37;24;30;37;52;73;86;97;694
Sagrada Familia;79;69;65;48;38;28;32;45;58;71;82;89;703
Salamanca;71;57;62;48;37;32;35;47;58;73;71;65;657
San Antonio;87;70;67;47;38;30;32;44;62;76;82;91;728
San Bernardo;78;66;59;49;40;35;36;47;59;75;77;84;705
San Carlos;76;66;63;44;32;26;30;42;54;68;78;90;670
San Clemente;80;63;60;45;34;27;30;41;56;71;76;89;673
San Esteban;83;61;66;48;39;33;34;45;56;76;74;85;701
San Fabián;76;62;56;44;32;25;29;39;58;70;78;84;653
San Felipe;99;77;72;50;39;34;39;56;68;86;80;83;784
San Fernando;84;60;60;46;35;29;31;43;58;76;80;89;691
San Gregorio;97;69;52;30;16;11;13;21;40;66;83;97;594
San Ignacio;74;72;58;45;32;27;26;42;55;68;81;92;672
San Javier;80;69;65;48;35;27;30;42;58;77;78;88;697
San Joaquín;81;67;68;47;39;38;39;50;65;77;77;88;736
San José de Maipo;80;64;63;49;38;30;34;45;56;75;79;86;699
San Juan de la Costa;89;67;63;45;29;20;26;38;57;80;84;95;694
San Miguel;81;67;68;47;39;38;39;50;65;77;77;88;735
San Nicolás;75;73;60;46;32;28;26;39;55;71;81;92;679
San Pablo;89;67;60;45;29;23;26;39;55;74;81;85;673
San Pedro;92;71;64;44;40;27;32;47;62;75;84;86;726
San Pedro de Atacama;76;60;62;48;42;37;39;46;60;65;63;59;656
San Pedro de la Paz;77;66;61;47;35;28;27;42;53;69;77;85;667
San Rafael;79;68;65;48;38;28;31;45;58;71;80;91;700
San Ramón;81;67;68;47;39;38;39;50;65;77;77;88;736
San Rosendo;74;65;59;42;26;28;29;39;53;63;78;91;645
San Vicente;77;71;56;51;36;26;33;42;59;76;81;84;693
Santa Bárbara;75;63;59;43;35;25;31;37;56;69;77;86;656
Santa Cruz;78;74;62;48;37;28;33;42;60;76;84;91;712
Santa Juana;76;64;59;43;29;27;28;39;52;65;81;89;652
Santa María;78;61;62;48;38;33;34;45;57;77;71;80;685
Santiago;80;66;65;48;40;37;38;49;62;76;78;86;725
Santo Domingo;89;70;64;45;38;28;33;47;63;72;87;89;727
Sierra Gorda;76;55;57;45;37;29;30;40;56;56;56;50;587
Talagante;80;67;60;50;38;34;34;46;63;77;74;87;710
Talca;79;68;64;47;32;28;26;43;61;73;68;96;684
Talcahuano;78;66;61;47;35;28;27;42;53;70;77;85;671
Taltal;73;54;58;46;39;33;33;42;55;61;60;55;609
Temuco;85;64;61;44;32;26;26;37;52;69;82;92;670
Teno;84;71;59;51;36;26;29;40;58;77;78;90;700
Teodoro Schmidt;81;70;62;45;35;25;28;38;51;70;80;91;678
Tierra Amarilla;76;58;60;49;40;33;36;44;58;66;66;63;650
Tiltil;89;71;67;56;41;32;35;50;62;76;75;86;740
Timaukel;79;58;45;24;13;7;10;19;34;55;73;83;499
Tirúa;83;67;59;43;30;25;28;39;53;71;79;86;663
Tocopilla;83;62;60;53;41;36;40;53;62;66;68;66;690
Toltén;81;71;62;45;32;25;27;39;52;72;74;85;664
Tomé;73;65;58;47;28;24;29;39;53;70;75;88;648
Torres del Paine;84;63;53;29;17;11;13;22;38;61;78;91;558
Tortel;81;62;50;31;19;13;16;26;41;61;75;85;558
Traiguén;80;65;56;42;30;26;26;38;50;68;83;83;647
Treguaco;75;67;61;49;33;27;29;40;56;68;80;92;677
Tucapel;73;67;57;45;35;26;32;39;58;64;79;93;667
Valdivia;79;64;58;38;29;23;25;40;55;68;80;90;650
Vallenar;87;67;64;52;40;35;36;47;60;67;72;79;706
Valparaíso;89;65;62;48;38;27;35;46;52;69;76;84;691
Vichuquén;83;73;67;50;32;26;29;44;60;76;80;97;717
Victoria;83;65;56;42;33;25;28;38;51;67;81;80;649
Vicuña;78;58;58;48;39;33;34;45;57;65;65;65;645
Vilcún;85;60;58;43;30;25;28;36;55;70;79;84;654
Villa Alegre;79;69;64;46;35;26;30;42;60;73;77;90;689
Villa Alemana;80;61;64;47;36;30;34;44;53;74;75;80;680
Villarrica;73;65;61;41;31;23;27;39;51;67;83;93;653
Viña del Mar;88;66;64;49;39;28;34;45;55;71;80;84;701
Vitacura;81;67;68;47;39;38;39;50;65;77;77;88;736
Yerbas Buenas;78;67;63;46;34;27;27;43;57;68;71;95;678
Yumbel;74;65;58;44;28;27;28;37;52;63;76;89;641
Yungay;73;66;57;44;34;27;31;40;59;64;79;93;666
Zapallar;86;72;70;54;39;31;36;49;63;78;81;94;752
