Comuna;Ene;Feb;Mar;Abr;May;Jun;Jul;Ago;Sep;Oct;Nov;Dic;Total
Algarrobo;194;151;133;89;61;48;57;79;107;146;175;195;1437
Alhué;220;175;152;99;66;49;61;83;115;161;197;220;1597
Alto Biobío;239;205;166;104;69;49;55;76;103;162;196;226;1650
Alto del Carmen;258;224;202;153;127;105;115;137;169;223;242;290;2245
Alto Hospicio;216;193;199;151;137;120;121;133;157;199;215;230;2070
Ancud;175;149;110;71;43;30;37;58;85;119;143;171;1190
Andacollo;220;185;168;124;96;81;92;112;144;193;210;233;1856
Angol;212;170;145;91;57;44;48;72;107;154;179;203;1483
Antofagasta;245;221;211;164;146;132;143;159;177;229;251;283;2360
Antuco;237;201;165;105;69;48;52;73;103;159;193;227;1630
Arauco;206;157;138;90;53;42;46;70;105;152;178;200;1436
Arica;229;200;209;178;161;144;155;171;192;230;235;238;2342
Aysén;161;130;105;61;35;27;31;53;86;127;146;165;1126
Buin;243;194;168;112;77;57;71;93;128;178;219;246;1786
Bulnes;218;167;147;97;56;44;49;74;112;161;189;210;1524
Cabildo;244;201;170;120;91;67;79;100;134;183;220;253;1862
Cabo de Hornos;131;93;72;38;20;10;14;31;63;100;132;145;848
Cabrero;216;166;145;95;56;44;48;73;110;160;187;209;1508
Calama;235;218;216;181;168;154;162;178;193;247;263;291;2506
Calbuco;182;155;113;73;45;31;38;61;89;123;146;177;1233
Caldera;202;170;158;114;97;83;96;118;144;180;187;211;1760
Calera;205;158;142;94;66;51;61;86;117;154;186;205;1525
Calera de Tango;245;195;170;110;75;57;69;92;126;180;221;248;1788
Calle Larga;249;208;174;124;94;68;83;104;139;186;226;254;1908
Camarones;227;196;206;181;168;150;162;178;199;240;249;245;2401
Camiña;229;198;208;184;170;152;163;181;200;243;251;256;2435
Canela;210;172;154;109;81;67;76;97;126;171;197;220;1680
Cañete;205;159;139;90;54;42;46;71;104;150;176;199;1435
Carahue;195;165;140;88;55;40;47;70;100;139;162;186;1388
Cartagena;194;150;133;88;61;48;57;80;109;147;176;195;1439
Casablanca;200;157;138;92;63;49;59;82;110;151;181;202;1484
Castro;168;145;107;68;42;29;35;56;84;118;144;166;1163
Catemu;246;196;171;115;82;63;76;100;135;185;224;250;1844
Cauquenes;222;175;152;98;59;44;52;77;113;163;195;216;1567
Cerrillos;245;195;170;110;75;57;69;92;126;180;221;248;1788
Cerro Navia;245;195;170;110;75;57;69;92;126;180;221;248;1788
Chaitén;171;145;111;67;41;31;33;56;87;126;154;166;1188
Chanco;220;172;150;99;60;44;53;77;113;161;194;215;1557
Chañaral;233;196;182;134;116;101;114;137;165;209;220;248;2055
Chépica;219;178;152;96;58;39;53;75;110;154;192;214;1537
Chiguayante;218;165;146;96;56;44;49;75;111;162;189;212;1524
Chile Chico;193;149;121;69;40;29;35;58;96;141;169;186;1284
Chillán;219;169;148;97;57;44;50;75;112;161;190;212;1534
Chillán Viejo;218;167;147;96;56;44;49;74;111;160;189;210;1524
Chimbarongo;227;183;157;101;64;44;57;80;114;160;199;221;1606
Cholchol;200;167;140;88;55;41;47;71;101;143;168;192;1412
Chonchi;168;146;107;68;42;30;35;57;84;119;145;167;1165
Cisnes;167;141;108;64;38;29;32;55;89;129;153;169;1175
Cobquecura;222;170;150;99;59;46;52;78;114;165;193;214;1562
Cochamó;188;156;125;79;49;39;41;62;86;133;166;188;1312
Cochrane;174;137;114;64;38;27;33;54;92;133;155;169;1193
Codegua;241;196;166;111;77;57;70;92;126;177;215;241;1769
Coelemu;216;164;145;96;56;44;49;75;111;160;187;209;1512
Coihueco;230;189;158;102;64;47;52;75;108;159;192;219;1594
Coinco;219;174;151;99;66;48;60;82;114;160;196;219;1588
Colbún;233;197;163;107;71;46;55;76;106;152;189;225;1621
Colchane;209;183;183;176;175;148;163;181;203;244;272;239;2375
Colina;247;202;172;116;83;62;75;96;131;185;224;251;1843
Collipulli;219;182;150;94;60;44;51;74;108;160;185;212;1538
Coltauco;216;172;149;96;63;47;59;80;111;156;193;215;1557
Combarbalá;260;217;181;135;105;83;94;112;149;205;237;274;2053
Concepción;214;162;144;95;55;43;48;74;109;159;186;208;1497
Conchalí;247;197;171;111;76;58;70;93;127;182;223;250;1804
Concón;188;146;129;87;62;49;57;81;108;144;171;189;1411
Constitución;219;174;151;97;59;43;53;77;112;159;194;215;1554
Contulmo;204;163;138;89;54;41;47;70;103;147;174;197;1425
Copiapó;242;210;193;146;125;109;120;139;166;217;236;272;2174
Coquimbo;195;168;155;115;89;75;86;106;133;177;189;211;1701
Coronel;214;162;144;94;55;43;48;74;109;159;186;208;1496
Corral;198;165;126;80;51;37;43;66;95;132;159;191;1344
Coyhaique;197;154;123;72;42;31;38;62;102;149;180;200;1347
Cunco;204;178;144;90;59;43;49;71;100;147;168;195;1448
Curacautín;231;198;159;99;66;47;54;77;108;164;191;221;1615
Curacaví;223;176;155;101;70;54;65;89;120;165;202;225;1645
Curaco de Vélez;172;147;109;69;43;30;36;57;85;121;145;168;1182
Curanilahue;208;166;142;91;56;42;47;70;105;151;174;199;1453
Curarrehue;217;187;149;95;63;48;53;75;99;151;178;210;1523
Curepto;219;176;152;97;58;41;53;75;111;155;192;214;1543
Curicó;231;193;162;107;71;46;59;78;111;150;187;220;1615
Dalcahue;172;148;109;70;43;30;36;58;85;119;144;170;1182
Diego de Almagro;258;231;215;166;145;132;142;156;180;236;262;305;2429
Doñihue;220;175;152;100;67;49;61;83;115;161;198;221;1602
El Bosque;247;197;172;112;76;58;70;94;128;182;223;251;1808
El Carmen;221;175;151;97;59;44;50;74;111;162;191;212;1545
El Monte;222;175;153;100;68;52;63;87;119;165;200;223;1627
El Quisco;193;150;132;88;61;48;57;80;109;147;175;194;1434
El Tabo;194;150;133;88;61;48;57;80;109;147;176;195;1438
Empedrado;220;175;151;98;59;43;53;77;113;160;195;216;1562
Ercilla;206;170;143;91;57;42;48;71;104;152;176;201;1460
Estación Central;245;195;170;110;75;57;69;92;126;180;221;248;1788
Florida;214;162;144;95;55;43;48;74;109;159;186;207;1496
Freire;199;168;138;86;54;40;46;69;99;138;162;191;1388
Freirina;208;178;165;121;98;81;96;118;147;188;193;218;1810
Fresia;185;158;116;75;47;33;40;62;90;125;148;180;1260
Frutillar;178;152;112;72;45;32;39;60;88;120;142;172;1212
Futaleufú;186;155;121;71;44;33;34;59;95;138;171;182;1291
Futrono;193;160;127;82;52;41;44;65;91;135;163;191;1344
Galvarino;201;167;140;88;55;41;47;71;102;145;170;194;1422
General Lagos;209;183;189;185;188;164;179;195;211;247;262;229;2440
Gorbea;201;170;138;84;54;39;45;69;98;136;160;193;1388
Graneros;220;175;152;100;67;49;61;83;115;161;198;221;1603
Guaitecas;176;149;109;67;40;31;33;57;90;131;159;178;1219
Hijuelas;205;158;142;94;66;51;61;86;117;154;186;205;1525
Hualaihué;172;146;114;71;45;34;37;57;84;123;150;168;1201
Hualañé;219;177;152;96;58;40;53;76;110;155;192;214;1543
Hualpén;222;168;149;98;57;45;50;77;113;165;192;216;1552
Hualqui;214;162;143;94;55;43;48;74;109;158;185;207;1492
Huara;227;198;206;174;160;144;153;168;190;233;241;249;2343
Huasco;191;164;153;111;92;76;90;111;137;172;175;201;1674
Huechuraba;252;202;175;115;78;60;72;97;131;187;228;256;1852
Illapel;256;212;177;130;99;76;87;106;140;195;232;268;1979
Independencia;250;200;174;114;77;59;71;96;130;185;226;254;1834
Iquique;216;192;197;148;135;119;120;131;157;202;217;231;2067
Isla de Maipo;237;189;164;108;74;55;68;91;125;174;213;240;1737
Isla de Pascua;197;161;150;114;92;75;85;103;128;162;174;189;1630
Juan Fernández;177;138;149;97;74;56;66;89;118;161;173;177;1475
La Cisterna;250;200;174;114;77;59;71;96;130;185;226;254;1836
La Cruz;205;158;142;94;66;51;61;86;117;154;186;205;1525
La Estrella;214;169;148;96;63;46;58;80;113;156;192;213;1549
La Florida;253;203;176;116;79;60;73;98;132;188;230;258;1866
La Granja;253;203;176;116;79;60;73;98;132;188;230;258;1866
La Higuera;236;200;180;134;108;90;104;126;159;210;226;251;2024
La Ligua;204;160;142;97;70;55;64;87;116;156;186;206;1543
La Pintana;253;203;176;116;79;60;73;98;132;188;230;258;1865
La Reina;253;203;176;116;79;60;73;98;132;188;230;258;1866
La Serena;214;180;164;120;95;79;93;112;142;189;202;225;1814
La Unión;192;161;122;78;50;36;43;65;93;129;154;185;1308
Lago Ranco;191;159;127;82;51;41;44;64;88;133;164;189;1332
Lago Verde;192;157;122;72;43;33;36;61;100;145;175;192;1328
Laguna Blanca;171;118;96;50;26;15;19;31;74;112;165;177;1055
Laja;214;163;143;94;55;43;47;73;108;158;185;207;1490
Lampa;251;200;175;115;78;60;73;96;132;185;227;254;1846
Lanco;192;161;129;81;51;39;44;67;96;135;160;189;1344
Las Cabras;215;170;149;96;63;46;58;80;112;156;192;213;1551
Las Condes;253;203;176;116;79;60;73;98;132;188;230;258;1866
Lautaro;206;173;144;90;57;42;48;72;103;150;171;198;1456
Lebu;200;154;136;89;53;41;45;69;102;146;172;194;1401
Licantén;214;171;149;96;60;42;54;77;111;155;190;212;1531
Limache;216;170;150;99;69;53;64;87;118;161;196;218;1601
Linares;224;182;155;98;61;43;52;76;110;157;190;215;1563
Litueche;213;168;147;96;63;46;57;80;113;157;191;212;1544
Llaillay;253;202;177;117;82;63;76;102;138;190;230;257;1886
Llanquihue;178;152;111;72;45;32;39;60;88;119;142;171;1209
Lo Barnechea;236;201;169;116;85;60;73;91;122;165;201;233;1752
Lo Espejo;245;195;170;110;75;57;69;92;126;180;221;248;1788
Lo Prado;245;195;170;110;75;57;69;92;126;180;221;248;1788
Lolol;219;177;153;97;59;41;53;76;111;155;193;215;1546
Loncoche;196;165;133;83;53;39;45;68;97;135;160;190;1363
Longaví;223;182;154;98;61;42;51;74;108;156;187;212;1548
Lonquimay;241;205;164;104;68;50;53;77;104;166;202;232;1666
Los Alamos;204;159;139;90;54;41;46;70;103;149;174;197;1427
Los Andes;223;192;161;115;88;61;76;93;123;159;192;223;1706
Los Angeles;215;165;144;94;55;43;48;73;109;158;186;207;1498
Los Lagos;189;160;125;80;50;38;43;65;93;132;155;184;1315
Los Muermos;185;159;116;75;46;32;40;63;91;125;148;180;1260
Los Sauces;209;170;143;90;56;43;48;72;105;151;176;200;1462
Los Vilos;211;170;150;104;77;60;71;93;122;166;195;217;1636
Lota;208;158;140;91;53;42;46;71;107;154;181;203;1454
Lumaco;201;167;140;89;55;41;47;70;102;143;169;190;1414
Machalí;233;202;166;114;83;55;67;84;113;144;178;218;1659
Macul;253;203;176;116;79;60;73;98;132;188;230;258;1866
Máfil;191;162;125;80;50;38;43;67;94;133;157;187;1327
Maipú;245;195;170;110;75;57;69;92;126;180;221;248;1788
Malloa;224;180;155;100;64;46;59;81;115;161;198;221;1601
Marchigue;217;173;151;97;61;44;56;78;112;157;192;214;1553
María Elena;230;205;200;162;151;136;144;158;173;228;239;263;2289
María Pinto;206;161;142;93;65;51;60;85;115;154;186;207;1522
Mariquina;196;163;128;80;50;38;43;66;94;133;158;192;1341
Maule;216;174;150;95;57;39;51;74;109;153;189;211;1519
Maullín;180;154;113;73;44;31;38;61;88;121;144;175;1222
Mejillones;229;201;203;154;132;117;126;143;170;215;228;241;2159
Melipeuco;226;198;157;98;66;48;53;75;101;156;181;216;1574
Melipilla;215;169;148;97;66;51;61;85;117;160;194;216;1580
Molina;229;193;162;108;72;46;59;77;108;144;177;214;1588
Monte Patria;262;221;185;139;108;85;95;113;147;204;236;279;2073
Mostazal;242;195;167;114;79;59;73;96;131;181;219;245;1802
Mulchén;222;179;150;96;59;44;50;74;109;161;187;211;1543
Nacimiento;224;177;152;97;60;46;51;76;112;163;192;216;1567
Nancagua;217;175;151;97;60;41;54;77;110;154;192;214;1542
Natales;139;102;87;48;29;17;21;36;70;103;127;144;922
Navidad;205;161;142;93;63;47;57;80;112;154;185;205;1505
Negrete;213;162;142;92;54;42;47;72;108;157;184;206;1479
Ninhue;222;171;150;98;58;45;51;77;114;164;194;215;1559
Nogales;205;158;142;94;67;52;61;86;117;154;186;205;1528
Nueva Imperial;196;167;138;86;53;41;46;70;99;137;164;189;1385
Ñiquén;219;173;150;97;57;44;51;75;111;159;190;211;1538
Ñuñoa;253;203;176;116;79;60;73;98;132;188;230;258;1866
O'Higgins;161;123;106;60;35;25;30;50;87;124;144;156;1099
Olivar;220;175;152;100;67;49;61;83;115;161;198;221;1602
Ollague;221;199;199;179;172;150;163;178;200;247;269;266;2443
Olmué;226;179;157;104;72;55;67;90;122;168;205;229;1672
Osorno;186;158;118;77;48;34;41;63;91;125;150;181;1271
Ovalle;210;175;159;116;88;74;84;103;133;181;202;223;1749
Padre Hurtado;245;195;170;110;75;57;69;92;126;180;221;248;1788
Padre Las Casas;198;167;138;86;54;40;46;69;98;138;161;190;1386
Paihuano;260;226;193;148;117;91;103;123;156;209;241;284;2150
Paillaco;187;157;119;77;49;36;42;64;92;127;151;181;1283
Paine;243;195;168;113;78;58;72;94;129;179;219;246;1792
Palena;184;154;119;69;43;32;34;58;96;138;168;180;1275
Palmilla;219;176;153;98;60;43;55;77;112;156;193;216;1557
Panguipulli;201;170;136;87;56;43;48;70;97;142;170;198;1417
Panquehue;259;207;181;120;84;64;78;104;140;194;235;263;1929
Papudo;184;144;129;86;61;49;57;80;107;142;169;186;1396
Paredones;217;174;152;97;60;42;54;78;112;156;192;214;1547
Parral;224;180;154;100;60;44;52;75;110;159;191;215;1564
Pedro Aguirre Cerda;246;196;171;111;76;58;70;93;127;181;223;250;1802
Pelarco;222;179;153;97;59;40;53;76;111;156;192;216;1553
Pelluhue;223;173;151;100;60;45;52;78;114;164;195;216;1571
Pemuco;219;170;148;97;58;44;50;74;111;161;189;211;1531
Pencahue;218;176;151;96;57;40;52;75;110;155;191;213;1534
Penco;213;161;143;95;54;43;47;74;109;158;185;207;1490
Peñaflor;245;195;170;110;75;57;69;92;126;180;221;248;1788
Peñalolén;253;203;176;116;79;60;73;98;132;188;230;258;1866
Peralillo;220;177;154;98;60;42;55;77;112;157;193;216;1561
Perquenco;204;169;141;88;56;41;47;71;101;147;168;195;1431
Petorca;247;203;171;121;92;69;80;101;133;189;225;258;1890
Peumo;216;172;149;96;62;46;58;79;111;156;192;214;1552
Pica;223;198;200;178;171;150;162;178;199;246;266;257;2427
Pichidegua;217;174;151;97;61;44;56;78;112;156;192;215;1554
Pichilemu;215;171;150;97;62;44;56;79;112;156;191;213;1546
Pinto;233;196;161;103;67;47;51;73;104;158;191;222;1608
Pirque;245;198;169;116;80;61;74;99;133;185;223;249;1834
Pitrufquén;201;170;138;85;54;39;46;69;99;136;160;192;1388
Placilla;217;174;151;97;61;44;56;78;111;155;192;215;1549
Portezuelo;221;169;149;98;58;45;50;77;113;164;192;214;1550
Porvenir;162;115;91;48;25;14;18;33;73;114;161;173;1026
Pozo Almonte;222;197;200;162;150;138;145;159;179;227;237;249;2264
Primavera;171;120;96;50;26;15;19;33;76;116;167;180;1069
Providencia;253;203;176;116;79;60;73;98;132;188;230;258;1866
Puchuncaví;190;148;131;88;63;49;58;82;109;145;173;191;1428
Pucón;206;175;141;90;58;45;50;72;99;148;175;202;1462
Pudahuel;245;195;170;110;75;57;69;92;126;180;221;248;1788
Puente Alto;253;203;176;116;79;60;73;98;132;188;230;258;1866
Puerto Montt;177;150;112;73;44;32;38;59;85;121;146;173;1212
Puerto Octay;183;154;117;76;47;35;41;62;88;125;151;180;1257
Puerto Varas;188;157;123;79;49;38;42;62;87;130;160;187;1301
Pumanque;219;175;153;97;60;42;55;78;112;156;192;215;1555
Punitaqui;229;186;165;119;91;76;85;105;136;188;215;239;1833
Punta Arenas;141;97;79;41;22;11;15;27;62;93;136;149;872
Puqueldón;169;146;107;68;43;30;36;56;84;120;144;166;1169
Purén;205;164;138;89;54;41;47;70;103;148;174;197;1429
Purranque;184;157;117;76;47;34;40;63;90;124;148;179;1258
Putaendo;251;214;177;129;100;68;82;100;134;179;216;257;1910
Putre;205;182;187;180;180;155;169;186;207;248;266;230;2395
Puyehue;189;158;123;80;49;38;42;63;88;130;159;187;1308
Queilén;166;145;107;67;42;30;35;56;84;121;144;166;1160
Quellón;169;146;107;67;41;30;34;57;86;123;149;169;1177
Quemchi;175;149;110;70;42;30;37;58;86;119;143;171;1191
Quilaco;238;201;161;102;67;48;55;78;110;168;196;224;1649
Quilicura;246;196;171;111;76;58;70;93;127;181;222;249;1797
Quilleco;223;179;152;98;61;45;51;75;111;162;190;213;1559
Quillón;220;168;148;98;57;44;49;75;113;163;191;213;1539
Quillota;201;155;139;92;65;51;60;85;115;152;183;201;1499
Quilpué;219;173;152;101;69;53;65;87;117;163;198;221;1617
Quinchao;176;150;111;70;43;30;36;58;86;123;148;172;1206
Quinta de Tilcoco;220;177;153;99;63;45;58;80;113;158;195;218;1579
Quinta Normal;245;195;170;110;75;57;69;92;126;180;221;248;1788
Quintero;188;146;129;87;62;49;57;81;108;144;171;189;1411
Quirihue;223;173;152;99;59;45;52;78;115;165;196;216;1573
Rancagua;220;175;152;100;67;49;61;83;115;161;198;221;1602
Ranquil;220;168;148;98;58;45;50;76;113;163;191;213;1543
Rauco;218;177;152;96;58;39;53;75;110;154;191;213;1536
Recoleta;253;203;176;116;79;60;73;98;132;188;230;258;1866
Renaico;207;162;139;90;54;42;46;70;104;152;178;200;1444
Renca;245;195;170;110;75;57;69;92;126;180;221;248;1788
Rengo;230;191;159;107;72;50;62;82;115;154;193;223;1638
Requínoa;233;193;161;110;75;52;64;85;117;157;196;227;1670
Retiro;216;172;149;96;56;42;51;74;110;155;188;209;1519
Rinconada;258;207;181;121;85;64;79;104;140;193;234;262;1929
Río Bueno;184;155;118;77;48;36;41;62;89;126;152;180;1268
Río Claro;219;177;153;96;58;38;52;75;109;154;191;213;1537
Río Hurtado;257;218;187;141;110;88;100;119;153;210;238;276;2097
Río Ibáñez;191;149;120;69;40;30;37;59;97;143;171;189;1293
Río Negro;184;157;117;76;47;34;41;63;90;124;149;179;1258
Río Verde;145;101;82;43;23;12;16;27;64;95;140;152;900
Romeral;239;202;166;112;76;49;61;78;109;146;185;223;1647
Saavedra;197;163;138;87;54;41;47;71;101;140;166;193;1399
Sagrada Familia;216;175;150;95;56;38;51;74;108;152;189;211;1518
Salamanca;257;219;180;135;103;71;86;104;137;186;223;272;1974
San Antonio;198;154;136;89;61;48;57;80;109;148;179;198;1458
San Bernardo;245;195;170;111;76;57;70;92;127;180;221;248;1792
San Carlos;220;172;149;97;57;44;51;75;112;160;191;212;1540
San Clemente;232;196;164;108;72;46;57;76;106;143;176;218;1594
San Esteban;240;205;171;124;95;65;80;98;128;168;203;243;1820
San Fabián;241;202;166;110;71;48;55;75;106;159;196;231;1660
San Felipe;258;207;180;120;85;65;79;104;140;194;234;263;1929
San Fernando;238;201;164;112;79;51;63;80;111;147;187;224;1657
San Gregorio;173;120;97;51;27;15;20;33;76;115;168;179;1073
San Ignacio;218;168;147;96;57;44;49;74;111;161;189;210;1525
San Javier;218;175;151;96;57;41;52;75;111;156;192;213;1535
San Joaquín;253;203;176;116;79;60;73;98;132;188;230;258;1866
San José de Maipo;231;204;167;117;88;56;70;85;112;143;172;219;1663
San Juan de la Costa;193;164;123;79;50;35;42;66;94;130;157;189;1323
San Miguel;253;203;176;116;79;60;73;98;132;188;230;258;1864
San Nicolás;219;169;148;97;57;44;50;75;112;161;190;212;1536
San Pablo;188;160;119;78;49;34;41;64;92;127;152;183;1285
San Pedro;206;162;142;93;63;48;59;81;111;153;186;206;1509
San Pedro de Atacama;234;221;217;176;162;149;155;169;184;241;263;294;2466
San Pedro de la Paz;222;168;149;98;57;45;50;77;113;165;192;216;1552
San Rafael;216;175;150;95;56;38;51;74;108;152;189;211;1513
San Ramón;253;203;176;116;79;60;73;98;132;188;230;258;1866
San Rosendo;215;163;144;94;55;43;48;74;109;159;186;208;1497
San Vicente;217;174;151;97;61;44;56;78;111;155;192;215;1554
Santa Bárbara;228;187;156;99;63;46;52;76;110;164;191;215;1587
Santa Cruz;219;177;153;97;60;42;54;77;111;156;192;215;1552
Santa Juana;214;164;144;93;56;43;48;73;109;157;184;207;1491
Santa María;252;214;176;129;100;70;85;104;140;186;225;258;1938
Santiago;251;201;174;114;78;59;72;96;130;186;227;255;1843
Santo Domingo;198;155;137;90;62;48;57;81;110;150;180;199;1467
Sierra Gorda;244;218;207;165;152;139;149;164;179;234;252;282;2385
Talagante;243;194;168;110;75;56;69;92;126;177;218;246;1776
Talca;215;173;150;94;56;38;51;74;108;151;187;210;1509
Talcahuano;222;168;149;98;57;45;50;77;113;165;192;216;1556
Taltal;250;220;205;161;144;129;140;157;177;228;249;285;2345
Temuco;200;168;139;87;54;41;46;70;100;141;166;193;1405
Teno;226;182;156;100;63;43;56;79;113;158;197;220;1592
Teodoro Schmidt;195;164;137;85;53;40;46;70;99;138;164;194;1385
Tierra Amarilla;263;229;207;158;133;116;123;145;174;232;254;298;2332
Tiltil;252;201;176;116;80;61;75;98;134;187;229;256;1866
Timaukel;135;97;75;40;21;11;15;31;64;100;135;147;872
Tirúa;203;161;141;90;56;41;47;71;105;147;172;198;1432
Tocopilla;231;204;204;159;141;124;131;145;167;218;232;249;2204
Toltén;198;165;136;84;53;40;45;68;98;137;162;199;1386
Tomé;214;162;144;95;55;44;48;74;110;159;185;208;1500
Torres del Paine;166;117;93;51;30;17;21;37;76;112;153;171;1044
Tortel;149;117;97;55;32;22;26;46;79;119;132;154;1029
Traiguén;204;166;140;89;55;41;47;70;102;147;172;196;1428
Treguaco;218;166;147;97;57;45;50;76;112;162;189;212;1533
Tucapel;225;182;154;99;62;45;52;75;110;163;191;215;1573
Valdivia;196;165;126;80;50;37;43;66;95;132;158;191;1338
Vallenar;242;204;187;139;112;94;109;133;166;218;230;255;2088
Valparaíso;193;151;133;89;61;48;57;79;106;146;174;194;1431
Vichuquén;213;171;149;96;60;42;54;77;111;155;190;211;1528
Victoria;208;175;146;92;58;43;50;73;105;155;177;203;1483
Vicuña;255;220;195;148;119;96;108;128;163;217;240;280;2169
Vilcún;206;178;146;90;59;42;49;72;102;149;168;196;1457
Villa Alegre;215;173;149;95;56;40;51;74;109;153;188;209;1510
Villa Alemana;216;171;150;99;68;53;64;86;116;161;195;218;1596
Villarrica;197;169;136;85;56;39;47;69;98;139;160;188;1384
Viña del Mar;192;150;133;88;61;48;57;80;107;145;174;193;1429
Vitacura;253;203;176;116;79;60;73;98;132;188;230;258;1866
Yerbas Buenas;213;172;148;93;55;39;50;73;107;151;186;208;1496
Yumbel;215;164;144;95;55;43;48;74;109;159;186;208;1499
Yungay;221;175;150;97;60;45;50;74;110;162;190;212;1546
Zapallar;193;151;135;90;64;51;59;83;111;148;176;194;1454

